1000495
1000816
1003845
1004110
10067356
10067493
1053587
1056885
1059772
1090277
1114964
1125732
1160577
11668640
1227023
1259687
1267551
13040529
13682390
1426189
14426697
1451342
1488107
1489691
14941385
15935563
1648113
1662111
16663588
1798901
2012004
20813658
21082158
21249925
21600631
2348651
2458835
26972429
27290701
27421250
27739343
28251652
2891670
3114961
31267698
31859274
33315753
3345816
34419890
34955640
35203672
35990068
36812276
37773067
39627258
42112519
4826336
4892515
5110087
5552682
691182
691316
691484
691633
691928
691973
692694
693016
693378
693602
693803
694040
694590
694727
694860
695027
695037
695047
696528
696648
696763
696790
698271
698283
698290
698386
699165
699547
699548
699805
699876
700759
700813
700895
702087
706788
708101
717207
718764
735168
737003
737090
737226
737815
751381
7531041
755046
765969
771308
778323
7904093
796786
846098
8584316
862299
871525
9571935
9572641
9636415
969487
9719713
984323
989698
